0.46655136,0.85108563,0.97414830,1.48940109,0.69750173,1.09204137,0.56021801
0.87327136,0.83700721,0.49649900,1.41117144,0.62879558,1.04887105,0.44983432
1.31428974,0.80629313,0.70460343,1.78345388,0.52930078,1.49511361,0.34046933
1.12059059,0.96981930,1.10014560,1.78469184,0.82694332,1.16522115,0.32325485
0.80969124,1.02416817,0.86848295,1.91243960,0.93033339,1.99330994,0.30010316
0.54647590,0.82554840,0.48922745,1.23386814,0.89381293,1.58429592,0.73777432
1.50400103,0.93358956,0.76330606,1.31122814,0.57230395,1.95338267,0.59197771
1.50974684,0.74227605,0.85151792,1.34432205,0.83101435,1.32987025,0.50583825
0.93252132,0.92050533,1.15314042,1.94565595,0.56486131,1.88744110,0.35715591
1.22344344,0.84659479,0.97743192,1.00311695,0.88433464,1.23150013,0.80503637
0.58548443,0.88050933,1.02868150,1.31219624,0.53707536,1.40728395,0.78055965
1.13885303,1.07101656,0.86399463,1.05290863,0.34094098,1.83661534,0.37822581
0.74748603,0.93844240,0.69597601,1.79480401,0.99822844,1.20424773,0.77381450
0.90225865,1.11528086,0.53621703,1.99334779,0.34424578,1.70439674,0.58908005
0.96895697,0.91720684,0.52849125,1.85319319,0.88835746,1.90001524,0.68153626
0.77778505,0.88585343,0.65514552,1.03343184,0.58326051,1.65552788,0.49063080
1.28758499,1.07767816,0.92210823,1.70792531,0.95011302,1.44969890,0.37461055
0.93211234,0.88758844,0.91047505,1.24415506,0.42201278,1.69199211,0.94273337
0.51994464,0.86054680,0.99308478,1.95339330,0.63300120,1.14922412,0.36683984
1.01533280,0.85173875,0.54491544,1.25319254,0.32039393,1.66105068,0.83231053
1.56806069,0.83753323,1.15111984,1.54702167,0.85470904,1.03542032,0.79518484
0.91103331,1.10317473,0.57479961,1.43821861,0.81589308,1.28712240,0.88953929
1.08251479,0.87110564,0.45579949,1.31910767,0.58974914,1.26881131,0.38211653
1.26008334,0.73552457,0.82337870,1.70360274,0.85078873,1.06710977,0.67749345
1.48114000,1.15185928,0.95553642,1.49543986,0.72155677,1.59493356,0.93781762
1.28367511,1.04468743,0.88515353,1.75550387,0.55885576,1.25295289,0.61156059
1.21432712,0.96242053,0.77919131,1.73417343,0.49546440,1.12526670,0.93985965
1.24728339,1.06719635,1.03476610,1.42621897,0.34966024,1.97793275,0.61864784
0.41138793,0.74888396,0.99982722,1.55928429,0.81948437,1.93781683,0.85973087
0.59004366,0.72159974,0.83396998,1.15670713,0.54784693,1.29053963,0.62035969
0.32957208,0.94292665,0.60715476,1.88324957,0.46072392,1.35923411,0.35316504
0.68119412,0.73043708,1.12225208,1.69357640,0.87572904,1.08921927,0.48080339
1.53752061,1.03991664,0.54714383,1.07547385,0.33153781,1.31010254,0.98283729
0.84098090,0.96056575,0.97236750,1.99034581,0.43671646,1.13442989,0.78978891
0.91268646,0.77308285,0.80331203,1.81286558,0.98715416,1.73019583,0.78285157
0.58276865,1.10084340,0.47658621,1.98681355,0.62687883,1.06129526,0.54980068
0.63672040,0.97954834,0.91538593,1.87980906,0.65846032,1.61571465,0.63463111
1.21599012,1.10701969,0.80824671,1.96462931,0.99626976,1.47175266,0.40121962
0.54077006,0.89999005,0.66098834,1.74726707,0.31567131,1.35335631,0.81900859
0.65042960,1.11329052,0.60336397,1.66063323,0.51423555,1.74313678,0.46881404
1.57099784,1.06087391,0.86096630,1.77338237,0.84803306,1.10532243,0.81674459
1.24012763,0.98395668,0.69966374,1.36210014,0.83805594,1.53468487,0.51904350
0.34534929,0.94131991,0.92875587,1.33079119,0.61121034,1.19442275,0.90506825
0.69273167,0.79522450,0.72126088,1.19492139,0.68067900,1.85902376,0.96781385
1.05762353,0.98658839,0.47061816,1.38499424,0.31154031,1.14387861,0.89670064
0.34718028,1.13232325,1.05207954,1.97880229,0.69065971,1.88118310,0.40988360
0.42161625,0.81107444,0.79251442,1.86573453,0.64401299,1.89659322,0.97581956
0.44089029,1.00158575,0.48646293,1.82263990,0.79515780,1.96668562,0.91853068
1.40017170,0.89294129,0.75556517,1.67637223,0.32513355,1.40908497,0.89533699
0.95608923,0.86398699,0.68423950,1.65933726,0.82385859,1.00899978,0.67045472
0.99883111,0.95796012,0.55510266,1.40748000,0.39821981,1.84435519,0.84467724
1.32452562,1.12048982,0.85367184,1.64719224,0.77748071,1.46258091,0.79738834
0.77414601,1.03447440,0.47891172,1.61361500,0.38651964,1.23282300,0.98341429
0.97544510,0.75697280,0.58765925,1.05929496,0.78797097,1.49782946,0.57085190
1.32850684,1.02303530,0.86554910,1.89377785,0.87917472,1.76484899,0.87497442
0.93815603,1.05865391,0.49230695,1.80611142,0.59765208,1.27540657,0.98627550
0.48562387,0.92210448,0.76942063,1.80981901,0.97827111,1.51821190,0.73025420
0.89059644,0.86001040,0.57903499,1.21781544,0.76406909,1.92993042,0.58622084
1.42798777,0.98228243,0.93500725,1.98297379,0.55252600,1.87764357,0.83876998
0.96294194,0.78144089,1.02533522,1.93192957,0.72664686,1.63859450,0.43417341
0.64602326,0.83139502,0.84684895,1.56726932,0.50858004,1.76009148,0.76612321
0.82412604,1.13735119,0.96934216,1.35608204,0.61824926,1.22455363,0.36133870
0.95055281,0.79204052,1.03993656,1.29962370,0.86583900,1.07675126,0.69221309
1.56070804,1.15896393,0.69442374,1.37199506,0.41671647,1.01762476,0.95366510
0.51501209,0.87534734,0.72268745,1.32674119,0.41369925,1.78215983,0.91902938
1.00724171,0.91089628,0.46996057,1.41562853,0.82207676,1.25068382,0.56534496
0.76799793,1.06585662,1.03214856,1.50477629,0.70410498,1.51213883,0.31048375
1.11089019,0.78458731,0.72806858,1.67068666,0.71622722,1.29778992,0.90865836
1.26104247,0.87029982,1.07079364,1.06047838,0.59464760,1.75507725,0.90199754
1.06650769,1.14121398,0.68116091,1.53291307,0.75109691,1.28035238,0.67467010
0.79891246,0.99925928,0.59152594,1.09036179,0.90435807,1.40216307,0.93533883
1.50189950,0.82956758,0.58593215,1.85731858,0.48442582,1.27609108,0.67986889
1.03895215,0.99569386,1.01776353,1.60931110,0.54567712,1.80432001,0.68403745
1.22637216,0.88440377,1.13255779,1.04862398,0.36860489,1.02148342,0.88032603
1.11584324,1.00893522,0.62486044,1.26595551,0.93324999,1.33503569,0.96475527
1.18348045,1.00957232,0.64002574,1.09915223,0.42569834,1.99986710,0.73665771
1.20031162,1.04680026,0.94745019,1.22495878,0.45045268,1.64270288,0.86169879
1.46152376,0.75028823,0.48231720,1.52553444,0.68892500,1.41246721,0.58427009
0.55214632,0.73912384,1.00396876,1.24988736,0.49299650,1.06929812,0.30600068
0.99266350,1.10987024,0.51652155,1.16673881,0.92665662,1.04108485,0.98034019
1.02786764,1.08999147,0.45115746,1.02652040,0.70984694,1.15724348,0.89298257
0.32425268,1.06114340,0.74070269,1.50142627,0.47510073,1.78582781,0.38445362
0.61297835,0.97330712,0.81899058,1.50961916,0.92014287,1.68189050,0.83682244
1.49206111,0.82220918,0.45947726,1.28499746,0.68110070,1.09855976,0.75273516
1.37414210,0.73107975,0.64283675,1.47409124,0.89650843,1.58849202,0.54301631
0.72541334,0.92732095,0.52058576,1.23933483,0.45394297,1.22273368,0.43103040
0.49434021,1.13426124,1.01211114,1.12346825,0.90483555,1.36906386,0.62392634
0.61995451,0.76652444,0.82808476,1.35337961,0.79718207,1.32604810,0.66944860
1.33874205,0.77511097,0.87430847,1.72187719,0.71181149,1.64644372,0.71386849
1.08565897,1.09911690,0.70232559,1.86919712,0.88682999,1.84872008,0.76447543
1.40410549,0.97830930,1.15837082,1.89642450,0.79002548,1.58007416,0.40373928
1.44610564,1.16389063,0.61138732,1.34092580,0.57789590,1.79335453,0.64333177
0.68852202,1.15429674,1.09724830,1.95191092,0.47719816,1.98230415,0.50272723
0.31819486,1.03821678,1.08824162,1.57268238,0.66160855,1.14799764,0.42831191
1.54727631,0.95116440,0.60105287,1.44067401,0.73899972,1.20059987,0.35029642
1.44067533,0.77371066,0.66816165,1.10241233,0.93857573,1.56521385,0.51114204
1.55322271,0.80973187,0.99026663,1.15276124,0.52286886,1.71942362,0.87022811
0.37730456,0.83236243,0.83724908,1.39815759,0.35428429,1.66618989,0.38092656
0.71600400,1.01944151,0.54165459,1.12876265,0.60101486,1.57193078,0.46432984
0.59491348,1.02831401,1.00687503,1.21424903,0.71853686,1.75185348,0.42235837
1.35123313,0.87654484,0.79609437,1.91832158,0.41830551,1.03868631,0.84730226
1.44970693,0.89602950,1.02075749,1.87253198,0.52024215,1.39072060,0.72365703
0.64279259,0.93116648,0.87818868,1.71548304,0.74361135,1.42739641,0.75009539
0.57234748,0.85780958,0.88947831,1.27110964,0.36424633,1.62105241,0.41996686
1.13243708,0.86736030,1.11036550,1.65248552,0.94360248,1.42021710,0.32806629
1.46607922,0.94465985,0.93089810,1.77176516,0.32923366,1.63139008,0.55341231
0.85758627,1.08100162,0.80485517,1.84005344,0.35210026,1.13076469,0.60212127
0.98502537,0.89178039,0.70770366,1.48001071,0.49941036,1.18049033,0.50000045
0.99544951,1.14835475,1.07630291,1.20849699,0.70799482,1.25737629,0.64126329
0.67386445,0.72346440,0.45440201,1.79801496,0.60360767,1.32220834,0.57659370
1.03291105,0.91368492,1.14645092,1.20555187,0.92193266,1.17776260,0.91421415
1.35266173,0.80758252,0.62117921,1.76643087,0.89261615,1.47484806,0.75910747
0.45503242,0.85585695,0.56061034,1.28221471,0.43770294,1.81773875,0.45991419
0.53134290,0.95889465,1.14964503,1.91156479,0.54956250,1.29392374,0.74505605
0.89474143,0.84470320,0.81580378,1.60754451,0.91437928,1.80880834,0.82981515
0.35149252,0.99130131,1.04269681,1.22987378,0.30075922,1.44673035,0.72723017
1.27575811,0.84828068,0.98169641,1.92227238,0.67446247,1.52462614,0.43722552
1.36399582,0.72878608,0.46241208,1.37321376,0.36050905,1.31559703,0.60310338
0.85632635,1.15829367,0.63831795,1.56058863,0.96110860,1.20841198,0.80817815
1.07667841,1.08584852,0.88369120,1.26338262,0.84290931,1.57804209,0.31234302
1.33332761,1.07994744,0.62807316,1.97242253,0.57623386,1.73707686,0.80183042
0.44648194,0.79080883,0.74536602,1.01409470,0.53896242,1.85329058,0.76118199
0.42964684,1.05098588,1.14217831,1.19934907,0.48057295,1.50359622,0.56103837
1.41327153,1.05691105,0.73679520,1.63911789,0.31886498,1.26692530,0.65085430
0.88504574,0.82419605,1.13955030,1.58482965,0.36567325,1.76991489,0.56682746
0.55619219,0.87406095,1.10674087,1.46345620,0.30497741,1.54230983,0.71130348
1.20820468,1.15584339,1.16397121,1.55328451,0.40881288,1.47731559,0.45414905
0.73049250,1.04289613,0.76519193,1.29461208,0.46691137,1.67012106,0.93224980
1.01048446,1.05533925,1.08402107,1.88490212,0.81175364,1.89079344,0.92718055
0.90183295,0.81866832,0.75640567,1.16063436,0.68625921,1.63234960,0.51629651
0.74038853,0.80377765,0.64762691,1.17867697,0.52603269,1.77643136,0.53095225
0.70614807,0.74795397,1.11595460,1.58123003,0.37405142,1.37336962,0.95933739
1.04965664,0.81644621,0.79404492,1.28901748,0.64675273,1.95936060,0.85508860
0.53613873,0.97608662,0.81140285,1.61896601,0.72354927,1.19773362,0.64963800
0.57476253,1.13915830,0.49550890,1.75766308,0.65005046,1.72495714,0.49456725
1.37171887,0.90733906,0.99753868,1.51277253,0.97421625,1.93227602,0.33383509
1.12670992,1.09303802,0.84049951,1.06849875,0.63456134,1.73275149,0.44384758
1.05998440,0.99179245,1.09257516,1.45400877,0.65502524,1.43095283,0.94679938
0.76012983,0.74386186,0.63543428,1.53658354,0.44757105,1.83535091,0.92813841
0.40439507,0.72463441,0.73367975,1.14167995,0.37102171,1.37929519,0.32722919
1.52769700,0.92308876,0.53421193,1.74060737,0.38206540,1.16849352,0.34698207
0.61630636,1.00412998,1.13286691,1.73103638,0.35650857,1.60722270,0.84953588
1.47298075,0.80212013,1.05808665,1.33306504,0.73426932,1.71342639,0.66471725
1.24205894,1.05010323,0.77728744,1.12507843,0.93562021,1.53865611,0.65307069
0.70056499,0.88293127,0.98119416,1.42356288,0.37764419,1.61962232,0.45244599
1.10092112,0.98556757,0.52373266,1.83515551,0.90125039,1.01596066,0.63245631
0.73679856,1.13078556,0.63045569,1.66677204,0.78500238,1.15517552,0.88402584
1.07045467,0.78817491,0.68390345,1.84445718,0.48850943,1.52883359,0.54538387
1.04486858,1.08595488,1.05927401,1.32034945,0.40342385,1.77224119,0.47536990
0.41286839,0.90289408,1.02376269,1.59011633,0.54358594,1.03089923,0.57736354
0.94643670,0.90941648,0.67769870,1.36672123,0.80241983,1.18510679,0.92234733
1.51700378,1.03032669,0.90650927,1.19156895,0.77998326,1.54958670,0.81381349
1.03546126,1.07175833,0.50400032,1.48669926,0.80631707,1.50914010,0.95115266
1.27008412,1.12575010,0.77032592,1.86159967,0.33873677,1.60967828,0.71731297
0.46913615,0.94698760,0.84193713,1.17155296,0.30629503,1.00057477,0.70072389
1.42307014,1.11132016,1.06619795,1.39295788,0.95364795,1.94450587,0.82646057
1.16130798,0.93986526,0.96213973,1.27845614,0.60637047,1.12280974,0.91240229
1.19946399,1.04596887,0.46450156,1.10597301,0.76938900,1.91345555,0.32167411
1.36099690,0.82048941,0.94349635,1.09458907,0.40497717,1.90533111,0.82225850
0.40045064,0.73706938,0.77527314,1.63572859,0.96532205,1.96271860,0.71535931
1.18873503,1.05322206,1.04940467,1.03984707,0.55510162,1.26107830,0.33681599
0.43269411,1.10847046,0.82559280,1.25855573,0.63834292,1.33851993,0.99454516
1.09452420,0.84066947,0.81397469,1.07716839,0.58645454,1.08165230,0.54022851
1.57853628,0.83509326,0.75903682,1.59828357,0.87203907,1.62571708,0.85355058
1.09296337,1.07668538,0.61811483,1.59591555,0.92755054,1.79195080,0.60884293
0.75182470,0.93606189,0.95260372,1.44723067,0.75597526,1.24228833,0.36189647
0.86511362,0.96551917,0.94475152,1.57796655,0.83503460,1.67949156,0.42499438
1.45538057,1.06826275,0.89206640,1.42914322,0.77194867,1.45350705,0.58036772
1.37834619,0.99863232,0.87894057,1.49903670,0.98415166,1.97204581,0.78543103
0.38592187,1.12823975,0.71053382,1.90312371,0.66896630,1.04652393,0.69610465
1.48562047,0.84243014,0.69132702,1.11213304,0.45950808,1.36799330,0.62866237
0.83385654,1.01402241,1.06359883,1.02383212,0.42798749,1.92416604,0.66147275
0.97878388,0.92590490,1.12543770,1.13610824,0.91811739,1.11439802,0.49036221
1.19329838,0.75942496,0.47443276,1.63071185,0.43183247,1.60387255,0.49765563
0.50740384,0.86773489,0.93598541,1.68839802,0.60837645,1.50515232,0.37035913
0.80337943,0.75295606,1.08459858,1.68742401,0.45533662,1.86981200,0.45746383
0.82984216,1.06441813,0.61352079,1.45779197,0.61413702,1.36152136,0.69783222
0.33256138,0.95353205,0.58316806,1.73757157,0.62240838,1.34303265,0.53242280
0.66884282,1.09215390,0.60692804,1.72575482,0.39287692,1.94105166,0.31567992
1.55589678,1.14655774,0.67332462,1.06682531,0.98318206,1.71181987,0.74207806
0.65839355,1.13806622,0.92029450,1.04566136,0.86480271,1.21509032,0.52888076
0.50161255,1.11798108,0.59320879,1.96387446,0.63937388,1.16008375,0.70834988
1.25121781,0.96445939,0.53012732,1.22329184,0.40979828,1.48919651,0.99030947
0.63231339,1.08802160,0.55043316,1.37739257,0.69854208,1.80248146,0.95788948
0.49258477,0.74623798,0.89337951,1.99734305,0.86081224,1.41962647,0.96123724
0.39424738,1.14349381,0.57723131,1.52114950,0.64910754,1.11749118,0.82480330
1.01980947,1.01531801,0.71629171,1.93336400,0.99183315,1.64947534,0.86489049
0.44946900,0.86256917,0.90049675,1.76226077,0.94708946,1.46749874,0.53679363
0.84454150,0.89485890,0.52510073,1.14598578,0.67740948,1.82769559,0.48714796
0.67909955,1.01280008,0.98672535,1.00761176,0.47318231,1.84340810,0.68878456
1.29977907,1.12491242,0.66270623,1.34872175,0.94492562,1.54427817,0.54733976
1.43611046,0.82765891,0.51526651,1.01832841,0.73003952,1.67342686,0.34426605
0.62476429,0.90377322,0.96533945,1.24308897,0.97574167,1.05651026,0.47740755
0.36866879,0.96790411,1.10210226,1.82677749,0.31069812,1.00781845,0.87160180
1.49679011,0.76930973,1.03785276,1.11862924,0.75931822,1.13891699,0.97109736
1.29427275,0.77766959,0.56269351,1.54802503,0.32520182,1.23805358,0.86686256
1.16569404,0.73310932,0.56867972,1.60111099,0.73147565,1.21736665,0.76850075
1.23464555,0.93221270,0.84714572,1.78983447,0.46492827,1.48517111,0.59417671
1.31839651,1.00555416,1.01333064,1.54092706,0.59204512,1.34683344,0.39065779
0.76273174,0.76431725,0.83061173,1.47744157,0.95866942,1.70015982,0.72070591
1.30507047,1.12159254,0.78948527,1.46497663,0.80743840,1.31859638,0.87864747
0.78263802,1.01697982,0.72541440,1.89128713,0.74702519,1.44121663,0.94922680
0.84814822,0.79994029,0.74295516,1.18642261,0.43069251,1.92398822,0.44263639
1.14330919,0.88932282,0.78548451,1.11164424,0.61932411,1.59619963,0.41582339
1.53270043,1.03627602,0.78206759,1.08445233,0.53004495,1.68773308,0.64447399
0.88112561,1.00710921,1.00823911,1.02903348,0.91260636,1.10847645,0.79964336
0.60104789,1.09770069,0.65037021,1.83194283,0.76707490,1.89595470,0.68993011
1.46853326,0.91666801,0.73142017,1.62093791,0.39657619,1.05270147,0.47218900
1.39582654,1.02594111,0.66430126,1.83879533,0.56100488,1.39673277,0.60684856
1.14684876,0.92891060,0.92592860,1.94082794,0.38880113,1.30549097,0.35455418
0.37441072,1.03389155,1.15728325,1.77930995,0.85929466,1.17234225,0.97316331
0.79563572,0.79662891,0.49996576,1.08342088,0.66544449,1.43202389,0.39252441
0.33689339,0.98910369,1.12954560,1.04267997,0.53328770,1.79931182,0.75502607
0.92378306,0.79952784,0.94005760,1.13315130,0.95754275,1.56073607,0.41313361
0.71236683,1.12986564,0.79909202,1.51681433,0.39117656,1.02538255,0.40737886
0.52596464,0.77906313,0.51268282,1.18049174,0.48684567,1.07511501,0.65899794
0.35876670,0.87898122,0.64441746,1.41635794,0.33485828,1.43782839,0.79079194
1.15783117,0.76450300,0.56524439,1.46983411,0.44513601,1.81236191,0.74673648
1.41975807,1.03245930,0.75133886,1.57169314,0.34481277,1.55568362,0.36744574
1.41026505,0.95613298,1.08022133,1.92767988,0.50490262,1.39367218,0.62571631
0.95874059,0.90574332,0.57031524,1.40013431,0.57042504,1.65840044,0.48458396
1.17311515,0.95038636,0.68715928,1.93698365,0.78374652,1.48055028,0.50926422
0.66389558,0.97563751,0.95411822,1.71090548,0.67027086,1.90939165,0.59855933
0.48172386,1.10404896,0.85618027,1.45011067,0.47052047,1.38570502,0.57269527
0.50806317,0.79434344,1.04649233,1.71712818,0.70184318,1.38122525,0.77274588
0.87001312,0.91328978,0.96043173,1.39047595,0.83371246,1.55793718,0.63800782
0.45747057,1.14538820,0.65650487,1.80052020,0.87060364,1.95195599,0.70353790
0.47720652,1.09551574,1.11334304,1.17319578,0.37931571,1.35088201,0.84125922
0.42298647,0.77012351,0.71526833,1.20254542,0.81322078,1.45797484,0.38851340
0.69707667,1.02190764,0.74890212,1.33785934,0.90984167,1.86388513,0.52415728
0.78720377,0.78279311,1.11860162,1.85077426,0.49819787,1.19018893,0.90275068
0.92097674,0.78703031,0.50984135,1.69944129,0.74204278,1.52131889,0.44701983
1.17987440,0.94828059,1.05297649,1.00957707,0.69232959,1.91786112,0.73310021
1.52241136,0.75531550,0.53988674,1.64192058,0.51065476,1.87557198,0.88598890
0.36411804,0.75827981,0.89758181,1.68381519,0.87999523,1.75602704,0.52393569
1.15387403,0.72571208,0.59739121,1.95638709,0.75003670,1.69892117,0.65630392
0.81367114,1.08308365,1.07425884,1.90564899,0.99006406,1.08420205,0.43638115
1.31083961,0.99416580,0.67055083,1.74993079,0.77362483,1.98571392,0.51367165
0.56718037,0.73970279,1.09498272,1.30405782,0.51780457,1.86447685,0.46667554
1.27630092,1.07498795,0.87193807,1.53038242,0.85198374,1.10073923,0.99292764
1.38334374,1.11708599,0.50564493,1.38135844,0.50205308,1.96978357,0.55612628
0.38804406,0.97213069,0.62392783,1.62565732,0.65611637,1.24606292,0.39568584
0.82098393,0.84372896,0.98899919,1.30308367,0.96993764,1.72219571,0.31785795
0.60759025,1.15110713,0.91607358,1.67389601,0.96875459,1.82266318,0.40020656
1.54343730,1.16066284,1.13702403,1.81923450,0.44118570,1.74710671,0.33139978
0.72321572,0.76151189,0.90707221,1.15089118,0.75750623,1.30238439,0.30355974
1.38833654,0.81237767,1.06868409,1.65051643,0.58239884,1.83162107,0.77716435
1.34557603,0.81490464,0.55632815,1.97077370,0.56794085,1.69516781,0.61602130
0.56147967,0.89840497,0.90372659,1.43207735,0.79868285,1.98862145,0.81124632
1.10453038,0.85347763,1.10713342,1.27558884,0.84378703,1.57211206,0.99958205
1.28068655,0.93902411,0.90240436,2.79603623,0.82315024,1.94720385,0.70006973
1.25668124,0.88109643,0.77133420,2.57510538,0.90237765,1.21818365,0.37893191
1.18613348,1.15609995,0.58202548,2.44844968,0.80322857,1.05056848,0.66062579
1.55104706,0.91846111,0.56699682,2.13562003,0.76239219,1.39985871,0.61700869
0.66490061,1.12651334,0.88585989,2.36567517,0.38998456,1.09642794,0.90677295
1.34365695,1.06771430,0.58069870,2.30832562,0.96060055,1.76729586,0.97758565
1.44448094,1.13496050,0.73881219,2.64481072,0.57954115,1.25967489,0.87677542
0.41671780,0.72755547,0.45267610,2.06211098,0.99457631,1.57701663,0.44897869
0.93689236,0.91916796,0.85818103,2.90631529,0.72073795,1.82064157,0.81532664
1.30164080,1.11933848,1.06188771,2.74588240,0.52195797,1.85128475,0.59803161
0.48474135,0.89685677,1.08857565,2.57955196,0.96705385,1.01378903,0.40283455
1.08090214,0.83817228,0.77288450,2.25485861,0.99352057,1.95414830,0.85839110
1.21067326,1.01178906,1.16161318,2.32935934,0.84011932,1.18869975,0.76281314
0.37345722,0.90885681,1.01909521,2.55111536,0.71952496,1.51129094,0.60090113
0.37145525,0.78307799,0.64849711,2.69687122,0.58492351,1.24190143,0.86930144
1.42211864,0.79553369,1.14485467,2.51070585,0.83715980,1.31780768,0.49202614
0.55979334,1.13558480,0.98269821,2.98417722,0.30960464,1.28432956,0.71663761
0.55386571,0.98102724,0.76582492,2.31551500,0.41161630,1.34986596,0.41380139
1.34146030,1.02239754,1.02805386,2.53812614,0.71108006,1.29847006,0.92056786
1.23748951,0.85299707,0.79487093,2.02557645,0.55163890,1.80129577,0.60405966
1.41648072,0.95354498,1.04738394,2.54419332,0.98083850,1.15834032,0.57532271
0.86324789,0.94586287,0.51777551,2.81683740,0.48535545,1.11084748,0.64284001
0.38047283,0.99272849,0.51909727,2.68140884,0.38064850,1.00449299,0.88727144
1.16469251,0.92375591,0.49363310,2.05412916,0.62592657,1.81035811,0.83604346
0.36212877,0.89394937,1.00841420,2.96979796,0.75469442,1.27390864,0.92356207
0.57728313,0.78115205,0.97093047,2.96776095,0.84513914,1.46158823,0.84805143
0.84297757,1.09682897,1.14783140,2.43445887,0.50070839,1.41489973,0.63326080
0.61893804,0.76863796,0.86127668,2.90135910,0.63511927,1.02312077,0.48324241
1.15563295,0.77970349,0.62890535,2.78688030,0.78645648,1.18792217,0.98543068
1.33112617,1.04368215,0.92808210,2.85911850,0.87817959,1.21258935,0.35858931
0.82809944,1.12233694,0.83190656,2.43601036,0.76783981,1.72952101,0.32025190
1.27119917,0.93443822,1.05475561,2.71222202,0.53219809,1.82537584,0.50400405
0.94223534,0.77150876,0.48472302,2.61414168,0.54028783,1.86690112,0.39709589
0.83133739,1.15373463,0.54094818,2.84681037,0.49064126,1.42570516,0.68357398
0.86736033,1.04535595,0.68149351,2.65539979,0.70546470,1.27998102,0.91686281
1.56240179,0.83043768,0.75013119,2.25644119,0.91720595,1.38830632,0.37350457
0.32178074,0.94052422,0.85941761,2.18497229,0.65324447,1.78641503,0.66668313
1.20477629,1.15755239,0.77676387,2.92473024,0.66416448,1.26344642,0.40854643
1.01589143,0.84260983,0.94589722,2.15560757,0.52490075,1.82841229,0.80097114
0.83803234,0.74719309,0.69810068,2.21302565,0.42369791,1.39435921,0.98071191
0.74359988,0.81159939,0.89610786,2.60350623,0.36717041,1.04577178,0.41117590
1.33643403,1.07322853,0.74804802,2.48451534,0.73973086,1.48795249,0.36916705
0.76470601,1.06317289,0.70679746,2.14623080,0.59669731,1.12728885,0.93572101
1.35723199,1.04832207,0.97587216,2.36858324,0.61536978,1.99731083,0.37636497
0.57076330,1.11438688,0.55769534,2.24073747,0.35772124,1.69315866,0.80963516
0.88735080,1.08220226,0.87003341,2.90977718,0.50429192,1.92731946,0.63982127
0.78560767,0.77654963,0.70109573,2.93508239,0.95553033,1.47980128,0.58165016
1.52555952,1.04874359,0.88055757,2.95461115,0.32973865,1.49959907,0.54107763
0.52431192,0.82659464,0.71981850,2.50206936,0.39417923,1.20622252,0.57935477
1.57190195,1.15030082,0.64141297,2.01300758,0.94570741,1.58297004,0.30238772
1.03814305,0.90779143,1.14269565,2.70457004,0.31694932,1.76340430,0.72522554
1.13046468,0.82327849,0.62153785,2.73211205,0.80044746,1.01838036,0.41858274
0.59192431,0.98477589,0.92475428,2.38898355,0.76182957,1.63587103,0.98964402
1.40678259,1.03117616,0.65346712,2.87143560,0.35977191,1.53320375,0.30831001
0.62930683,1.06191522,0.88227805,2.64254983,0.49732732,1.30184311,0.61035492
0.46104796,0.86367543,0.49728872,2.48327170,0.69027906,1.73446625,0.35554203
1.06250640,1.12757928,0.54348209,2.66864892,0.86292712,1.87270494,0.52607392
0.68300583,0.72057810,1.09272685,2.00168053,0.69346555,1.32565482,0.34562633
0.64735833,1.02084923,0.83639539,2.18367546,0.68431707,1.81418839,0.75985110
0.75679486,0.92863854,0.80154010,2.27226780,0.46894514,1.84726629,0.60648452
1.37991331,0.80551135,0.66619018,2.29054335,0.56003944,1.81954151,0.48764516
1.02999780,0.78853790,1.02977822,2.07990767,0.79664235,1.17860305,0.47842179
0.77230755,0.97129559,0.57329417,2.24745941,0.57493703,1.11355380,0.50725581
0.90785082,1.03599743,0.94159437,2.88003912,0.44351290,1.62680399,0.82556171
0.53350764,0.75807416,0.55974908,2.41290290,0.97213238,1.12155461,0.32637329
0.60972698,0.98900234,0.55412079,2.16839720,0.76544560,1.08384415,0.33792130
0.35543755,1.09573928,0.72578365,2.13107134,0.75304034,1.06426734,0.97058808
0.86086624,1.11993175,0.81805078,2.79127867,0.93762281,1.66239346,0.42159777
0.50517826,1.14022934,0.82071731,2.40266535,0.92474315,1.35547294,0.73128718
1.00172198,1.06938829,0.50154073,2.76892558,0.91483021,1.79697736,0.50566096
1.31884866,0.97686034,0.75715583,2.33900490,0.86760557,1.46459986,0.76749349
1.11712236,0.87580506,0.60445281,2.09390629,0.92869129,1.29402885,0.46280555
0.43815225,0.85488430,0.67512350,2.69416118,0.65163167,1.70956706,0.89108526
1.45984629,0.86192305,0.46411902,2.26705802,0.95437927,1.35784153,0.80900155
1.19641941,0.91244928,0.69369358,2.52823658,0.49383145,1.70606974,0.90426215
1.18095722,1.16181253,0.46740325,2.52336805,0.97990284,1.15117936,0.53151255
0.73813340,0.87768546,1.00246596,2.37562201,0.64277801,1.02691076,0.38363656
1.22813093,0.74560523,1.08181417,2.61734846,0.89066396,1.49085379,0.93953771
1.42608371,0.96120153,0.61864693,2.47011849,0.81685584,1.28938847,0.30522725
0.94905077,0.73808597,1.03280446,2.60502066,0.82833915,1.60527092,0.61315535
0.65488235,0.76025676,0.93272305,2.54254509,0.38293120,1.55376590,0.56787342
0.44296753,1.01776178,0.55220320,2.37896061,0.54471965,1.75805581,0.75404907
1.08740844,0.84769641,1.02245955,2.35805100,0.41292837,1.06322203,0.78013585
0.80851432,0.99693387,0.85493125,2.04130581,0.84708902,1.68575870,0.82896587
1.12832772,1.15325678,0.94992302,2.17400466,0.55717772,1.77833409,0.31833039
1.28095391,0.77444085,0.67852664,2.94744205,0.71488126,1.07172837,0.83900870
1.20516205,0.79882341,0.98536802,2.96098574,0.51955888,1.19274051,0.77841175
0.71807336,1.01314046,0.93913165,2.15823274,0.85316765,1.34435196,0.69145164
0.96094236,0.88672466,0.47216009,2.23736529,0.81846547,1.48351886,0.32420176
0.43043845,0.76792007,1.09657200,2.11788702,0.51390265,1.34039874,0.94966751
0.38262695,1.09430151,0.52577279,2.23440153,0.32756503,1.72790545,0.42618822
1.02297896,1.07829731,0.61508473,2.42411889,0.42605755,1.33145655,0.47242752
1.23161279,0.83620446,0.66879655,2.84204869,0.53618473,1.13301401,0.69621014
1.43143941,0.94483070,0.59583525,2.79380638,0.64079481,1.83839036,0.96553034
0.35099423,1.05245822,1.12981383,2.47820905,0.62135897,1.66876022,0.56320581
1.26757407,0.75172536,0.83431350,2.22706289,0.83019807,1.90343252,0.66388056
1.05332683,0.83410993,0.71374761,2.76037674,0.93500670,1.24943386,0.58789800
0.72173091,1.09203180,0.70878328,2.80504462,0.89566607,1.96110782,0.86014602
0.35984465,1.14976779,0.66337890,2.47313340,0.64499509,1.44255469,0.88903485
0.47065771,0.86648897,0.98813070,2.16210702,0.30823368,1.87007117,0.69419695
0.47358010,0.83959487,1.15685186,2.05641681,0.67157275,1.00384420,0.61441187
1.51495355,1.09077193,0.74571005,2.10771229,0.74559027,1.12847411,0.43940491
1.17583952,0.82862238,0.90445540,2.56866233,0.80488083,1.37664835,0.96666333
1.29032216,1.11228681,0.48833632,2.17666205,0.34765784,1.74847504,0.96343633
0.91546439,0.86522498,1.05036668,2.75174204,0.64764756,1.47216424,0.47976048
1.38982229,0.76337500,1.01607983,2.63203184,0.30371858,1.41797228,0.73886814
1.36889282,0.92612356,0.56312369,2.42053414,0.55475720,1.97885959,0.31317257
0.69115017,1.16283541,0.47848833,2.68574075,0.73645349,1.55175928,0.91098977
1.05508016,0.80345360,1.11519244,2.72632300,0.73770269,1.44584163,0.47443851
1.22250160,0.84549493,0.76122284,2.55580430,0.34298333,1.78044302,0.33034658
1.01075900,1.05654137,0.64663812,2.01187920,0.43357078,1.93456452,0.92907368
1.50764923,1.01112145,0.67570472,2.69010592,0.41930706,1.22107954,0.39102897
0.84935673,1.13326990,0.97308664,2.26162780,0.69492915,1.51406168,0.77003323
1.14880195,1.08707984,1.03844456,2.20752982,0.89796374,1.43967645,0.45333662
0.45076118,0.85930097,0.49019130,2.26995757,0.46133165,1.74104585,0.58346428
0.77029320,0.96256610,0.73727698,2.39732958,0.58786373,1.13636109,0.93082202
0.42527262,0.91097795,0.69148940,2.59287883,0.58138384,1.66589282,0.62958776
0.89197898,0.99994669,0.87629166,2.56294903,0.92300452,1.17416931,0.87720327
1.45386811,0.87284125,0.62638124,2.63663335,0.33920325,1.49281299,0.93297947
0.92736845,1.14184878,1.05584973,2.34650684,0.52720594,1.80686362,0.33262199
0.97031479,0.83350459,0.46109719,2.46775422,0.68658486,1.02862695,0.67339341
1.43983135,0.81534054,1.13622157,2.93886858,0.98749019,1.68269854,0.54472916
0.96747276,0.73382026,0.99176735,2.25124400,0.59826362,1.61235680,0.63734687
1.38669555,1.13856937,0.63296979,2.59679522,0.87346883,1.59141137,0.65521458
0.78007818,0.98132477,1.02588542,2.04752369,0.34729930,1.38674670,0.80288449
0.45403099,1.10759516,1.03665679,2.72223068,0.84147173,1.69634411,0.92441993
0.81190908,0.76211183,0.61101190,2.62653776,0.91132844,1.05483245,0.71271988
1.40788877,0.82625914,0.63173792,2.62249115,0.42171470,1.78964053,0.74652874
1.29736620,0.81988914,0.63988878,2.35511199,0.95234512,1.98712181,0.59673862
0.98601745,1.08379576,1.07309369,2.66417114,0.37173307,1.65288029,0.70588093
0.34368351,0.94231150,0.97956309,2.08909694,0.67806331,1.90749448,0.66702753
0.58048859,0.90402652,0.45323495,2.18822591,0.37570142,1.99590113,0.46542287
0.97442987,0.87209655,0.78323549,2.49266217,0.33355928,1.56991436,0.72270412
1.43467335,0.99029318,1.12627754,2.88657931,0.47171533,1.20302584,0.68521679
0.75348310,1.00830377,1.04212884,2.20159009,0.42950495,1.67690984,0.98835837
0.51271576,0.93290825,0.99622580,2.40804027,0.79204959,1.97100309,0.57360847
1.39322468,1.02492028,0.88992447,2.45342535,0.90869868,1.14420936,0.37144377
0.67139567,0.84106566,1.06054234,2.71855160,0.61280607,1.74576134,0.84237142
1.22006233,1.08434710,0.92286805,2.14394531,0.72852631,1.38327684,0.35164008
1.48878986,1.12901066,0.83963542,2.92866227,0.82587268,1.23574067,0.77560934
0.88300944,0.80888603,0.59063365,2.35162804,0.35568761,1.56316210,0.85610195
1.54441524,0.80439076,0.82982931,2.06493059,0.80834756,1.63792001,0.79309360
0.41884325,0.89547053,0.53174626,2.23123525,0.68299731,1.28265736,0.45933459
1.29351345,0.99505212,1.01065409,2.64837062,0.66044484,1.03642942,0.73476063
0.71277678,0.75390707,0.95770299,2.32464492,0.93140718,1.53061949,0.75117434
0.33932574,0.72964491,0.96323488,2.78051969,0.89198241,1.77030707,0.49566742
1.53009049,1.14495253,0.80925214,2.19214302,0.41521960,1.07210086,0.49630682
0.32829435,1.09982406,0.50837136,2.99569691,0.84889814,1.94240247,0.44601113
0.72822666,1.15961903,0.56774511,2.12041890,0.98511272,1.33636052,0.41706856
1.47927777,1.10470086,1.06506615,2.81406613,0.35115177,1.58648971,0.62087172
1.14036983,0.98770481,0.57576331,2.86279349,0.50607064,1.84175512,0.45561426
0.52127382,1.10185271,0.96752291,2.21964172,0.45254206,1.65739971,0.86324233
0.40533478,0.74146975,0.75297617,2.89404100,0.56710238,1.73871435,0.74812424
1.02446596,0.96404131,1.07193364,2.16558740,0.70711253,1.41137945,0.48556668
1.51114275,1.02781584,0.84386573,2.08192648,0.56433962,1.30636839,0.94243396
0.60247628,1.11684850,0.72376159,2.56485115,0.63133601,1.10627318,0.33590945
1.00418591,0.96747067,0.86460088,2.11468795,0.56316876,1.46975969,0.55304613
0.79622677,1.02643440,1.10500065,2.75204626,0.45748841,1.57457992,0.52715839
1.06454767,0.73458509,1.04487447,2.27727437,0.36195273,1.03306950,0.77132156
1.19121158,0.94938632,0.91874985,2.51810217,0.48247881,1.37108859,0.72869564
1.48404942,0.89048707,1.12267365,2.32236732,0.46595028,1.50105513,0.44559777
0.54186263,0.78957007,1.12821873,2.28797418,0.48997563,1.97440128,0.62337294
0.31941638,0.84915392,0.65265860,2.91753860,0.81008670,1.26522449,0.89479345
1.49435268,0.92117264,0.78006908,2.74392576,0.60669693,1.52204817,0.99651226
1.36656823,1.04057671,0.53560855,2.03441267,0.39973582,1.88270736,0.67127759
0.49546974,0.86925582,0.89967178,2.72848565,0.44953250,1.40576120,0.70895480
1.09023634,0.92995250,0.87320822,2.75902340,0.74844534,1.71580016,0.78418037
0.47826643,0.77075944,0.81051130,2.01677658,0.77511017,1.08613416,0.42968949
0.39845723,1.14728689,0.72933738,2.29356821,0.70153469,1.62892516,0.31412010
1.09693310,1.10618997,0.48082840,2.10809917,0.57377741,1.30971123,0.62758129
0.78979884,0.76576435,0.60938897,2.87605895,0.60470915,1.71625501,0.38620110
1.45207279,0.91512885,1.10299251,2.44575574,0.47917071,1.88496354,0.80661429
0.70343086,0.97457795,1.06708850,2.29760555,0.33770454,1.05894695,0.43172928
0.39514156,0.91541010,0.95874209,2.70018009,0.32181999,1.64036530,0.34193924
1.24813009,0.73232331,0.90887514,2.44361603,0.97122225,1.40052589,0.67913835
1.12312722,0.75200671,0.71740725,2.45965658,0.88193751,1.95759052,0.72587728
0.92619777,0.72395133,0.91704447,2.97721876,0.48165491,1.11832189,0.88177066
1.53939743,1.07034905,0.78812614,2.07390992,0.51215119,1.27060222,0.68651037
0.46451950,1.05142815,0.63600653,2.52631936,0.78915920,1.45932977,0.55896773
0.64109585,1.07550126,1.12106718,2.50773146,0.65826288,1.36376532,0.53611695
1.07537514,1.02951181,0.82259991,2.30684574,0.83240170,1.42314108,0.97342360
0.87750954,0.96925563,0.93206599,2.95849896,0.94252138,1.10280050,0.47041476
0.54927534,1.01842297,0.51103669,2.38226211,0.60977636,1.22661097,0.56219830
1.26478077,1.05471227,0.70294393,2.22134954,0.88637350,1.42974396,0.95406089
0.52991575,0.93745488,1.13500861,2.02038742,0.54165998,1.51664050,0.63102731
0.54441569,0.89074936,0.88811105,2.03135642,0.96291433,1.62306888,0.56981196
0.40868037,0.78521942,0.47294466,2.39490387,0.92154194,1.88987890,0.89813117
1.30760421,0.85649044,1.09873013,2.58993640,0.67543088,1.54692335,0.54805562
0.68685125,0.79131088,0.76767169,2.77488698,0.56980676,1.15314154,0.52002351
1.16855689,0.94772491,1.14089744,2.14937736,0.43945763,1.32072063,0.74089737
0.65436709,0.79305347,0.67137642,2.46050265,0.40616537,1.31302793,0.42404960
0.58800441,1.11360017,0.58448636,2.31695580,0.94024515,1.72055199,0.53507109
1.10160940,1.06518901,0.73508825,2.33449143,0.50960255,1.60028545,0.46157441
0.80407024,0.95676636,1.15247979,2.77682480,0.85645940,1.18286832,0.53901655
1.39923021,1.07926440,1.01481870,2.41913022,0.85745235,1.79507595,0.39418865
0.39005252,1.00134395,0.78572259,2.89878154,0.88364942,1.89805091,0.59084204
0.89836339,0.80796750,0.74176331,2.38736821,0.40742363,1.45414134,0.34867135
0.67666853,0.85701036,0.46704030,2.86760010,0.96449387,1.85676858,0.78592824
1.49847000,1.07401972,1.07835932,2.92192007,0.32275948,1.09503491,0.59274101
0.70779746,0.86867287,0.59548504,2.36100967,0.72798849,1.83356891,0.34333554
0.48939245,1.03291195,0.48333207,2.97473927,0.72494186,1.75386625,0.96008820
0.51792846,0.93570470,0.60276883,2.00562642,0.67340916,1.91840424,0.43464058
0.82191310,0.75567348,0.99490737,2.84903935,0.97704380,1.96418885,0.78817548
0.81786344,0.97229838,0.79762682,2.19765706,0.99948943,1.68830150,0.65710268
0.69966193,0.78611649,0.57196028,2.53523026,0.46318135,1.50770843,0.82140521
1.51963172,0.79799695,0.84546869,2.85586278,0.45643419,1.91551754,0.75748814
0.60571700,0.81329659,0.86774804,2.82537205,0.90005341,1.16695237,0.90953930
0.33378339,1.01615120,1.16027821,2.80220797,0.66318900,1.04203329,0.40604632
0.73497673,1.03778028,0.82442714,2.61140041,0.70008501,1.61791610,0.74311405
0.74832437,1.00307080,1.09090257,2.62916547,0.74488195,1.36587520,0.50105346
0.87572017,0.87891809,0.84885116,2.09784629,0.99032857,1.92089564,0.94808978
0.62205361,0.98368963,0.89472058,2.03675686,0.79319803,1.86039810,0.94428069
0.79162637,0.95800016,1.10849448,2.87405803,0.36749930,1.01007447,0.91467548
1.11360128,0.90501844,0.52189588,2.05144789,0.78216417,1.64596615,0.81355826
1.56543440,0.99710496,0.65900142,2.28059497,0.86934984,1.59317558,0.30869155
0.62787537,1.05754132,0.95402179,2.12609366,0.86239732,1.98056874,0.83476423
1.17062833,0.89907778,0.79008551,2.91502178,0.51571830,1.19846343,0.99424863
1.31189420,1.03923408,0.94886179,2.82160754,0.78119429,1.54197033,0.84334237
1.04254350,0.97843726,0.65831090,2.94872792,0.87478291,1.94927884,0.88249234
0.99584524,1.14441632,0.61656242,2.30038494,0.59030659,1.65114956,0.85186113
1.57646521,1.08878226,0.58859224,2.07036952,0.66761934,1.59957701,0.51791106
0.66108268,0.81712220,0.54690995,2.99986606,0.77067966,1.93067094,0.97897988
0.85357544,0.74400182,0.91298601,2.55707990,0.54777871,1.17061645,0.86707557
1.15193096,0.77817968,0.45841473,2.49112025,0.71351638,1.43419684,0.35923940
1.37590758,1.10959168,1.15447696,2.10005755,0.30161682,1.99035820,0.85062029
1.47570285,0.81851615,0.51332797,2.65629685,0.75803112,1.70219594,0.70656802
0.94297012,0.74987101,0.80033243,2.51487852,0.44146900,1.14164145,0.71937993
0.98089626,0.82173073,0.68954265,2.98822974,0.43533631,1.93921600,0.51192523
0.59770227,1.00621591,1.07731993,2.67819986,0.63734654,1.77411182,0.79248664
1.53449919,0.95526480,0.76267374,2.08776239,0.62361222,1.52721858,0.44074089
0.90648126,0.85049569,0.54911863,2.94267568,0.31537780,1.67514518,0.55656716
1.10887000,0.96660751,0.93820946,2.13804499,0.73398446,1.23739396,0.79623313
1.24512590,0.88422842,1.11240321,2.58232365,0.62906630,1.09064465,0.64859673
0.63761364,0.95256574,0.99937409,2.43016052,0.59970114,1.55960133,0.82013814
1.47217104,0.90035164,0.85058071,2.83685518,0.94932899,1.53688142,0.95586963
1.34819034,0.74076646,0.50042221,2.73864900,0.61778616,1.45199607,0.51520727
1.04763619,1.00479217,1.00514905,2.40494507,0.44690372,1.89274296,0.87329431
1.35568472,0.88815789,0.91146075,2.88865777,0.81431880,1.16269996,0.65215409
1.55790162,0.73662345,0.59952072,2.49633903,0.53519212,1.33237554,0.39885451
1.07267371,1.04161423,0.81431763,2.76432367,0.90745657,1.85552657,0.52178736
0.49960397,0.88236283,0.68659350,2.34295616,0.38681833,1.61033954,0.90054258
0.95353303,1.13151283,0.52918542,2.58735124,0.37486947,1.87920852,0.36407475
1.25534427,1.05967541,0.53738572,2.98043914,0.47460584,1.25585675,0.36447389
0.91894715,1.12388573,0.72994619,2.70877468,0.31286807,1.21147191,0.83199112
1.13679246,0.80107401,1.11707294,2.21158001,0.39775490,1.37588463,0.99772711
0.56525005,0.72190596,0.80582771,2.82947855,0.59298003,1.24500822,0.70180262
1.46417570,0.92455270,0.71233236,2.66209602,0.33531832,1.07989302,0.55070990
0.43513500,0.90129450,0.96639349,2.81032240,0.38485140,1.56656028,0.38793769
1.32383285,0.72693925,1.08676034,2.83324488,0.40196405,1.91069252,0.64703070
0.98838665,1.10165521,0.50664726,2.67494747,0.77671800,1.22882647,0.67655629
