1.08438792534224	2.14993819025419	0.761541396870367	3.06872906798379	1.85218286239651
0.792970925152605	1.06176127918334	0.500000000000000	3.11125343354961	2.15975438359134
1.08438792534224	2.14993819025419	0.761541396870367	2.79860195150051	1.89006528196551
0.876322201379945	1.37467801930955	0.500000000000000	2.51000000000000	2.10752003143966
1.01171776598186	1.87159993365457	0.679105937702605	2.67592750216180	2.03206007255795
0.822049173548213	1.15705246215747	0.500000000000000	2.61491666838247	1.91620602685508
1.03864254022599	1.95322211661502	0.703753837279260	3.43472046796569	2.19606866623188
0.993552282801649	1.84055270891488	0.649887435695611	2.64536933883874	2.09135194960799
0.994309160585568	1.78688860804933	0.655906480868785	2.92263812512035	2.07956099866536
0.939964488160628	1.57881030054680	0.638224898019722	3.32665223521348	2.03820415195633
0.828107433980623	1.17944598656225	0.500000000000000	3.01323357082664	1.87641215536795
0.893122355966288	1.42402238334173	0.567658521918591	2.56988287070491	1.85835341145193
0.921376401142358	1.51819740957544	0.590435723723980	3.12647232741582	2.12822524812593
1.03718105140415	2.00065361109382	0.699613498730738	2.51000000000000	1.79978996368638
1.05193267750450	2.00596120436982	0.693979703723401	2.71425066770713	1.85253535011763
0.804135563860047	1.12382901726977	0.500000000000000	2.51000000000000	2.08341888469761
0.920275560463377	1.51676656104797	0.563411944650829	2.78095470348772	1.80169707376724
0.881649797678093	1.39685942177002	0.504163948672773	2.89545890806472	1.89441990157499
0.876121092280851	1.42735634300659	0.521814578389619	2.51000000000000	1.58261852861545
0.936181428516133	1.58354791447475	0.543472295929627	2.74087505201331	1.96450508226291
0.850513757082349	1.28801249871177	0.500000000000000	2.62082130418218	2.04189092486876
1.01548198668713	1.88203697964616	0.690233929645552	2.93263931130268	2.09312432853462
0.896818759312547	1.40086052979259	0.503112409796985	3.44635964414354	1.81247857709090
0.948486777101308	1.62668029568430	0.619387569896148	2.51506259910144	1.85671952306922
1.03150675933413	1.95007146879470	0.701206724130989	2.93598937523353	1.97731672324157
0.966058122176135	1.68103125463206	0.609499171141064	2.75199846608202	1.77976536210390
0.852985595597876	1.29891938118476	0.501741172089846	2.51000000000000	2.10786189533476
0.994665894718535	1.80928205918671	0.605749504836716	2.51000000000000	1.66750572377174
0.829112615903645	1.19429960784904	0.500000000000000	2.74425417039547	1.96267182755369
0.862658164930294	1.32712190236809	0.516303490558338	2.52677745150307	1.55523464431874
0.847756657791173	1.26946793114748	0.500000000000000	2.82866395458677	1.94077998586918
0.871579746750958	1.34471670766659	0.509071115876123	2.65951258481128	2.18488005918845
0.814377078261274	1.15334546286805	0.500000000000000	2.51000000000000	2.08488726906470
0.986643837580889	1.76690169965237	0.639556013866833	2.98977606752782	2.13671365239472
1.01402215406423	1.91295741934046	0.679090272169097	2.72886671595138	2.39974203336444
0.794666135664426	1.08906818010591	0.500000000000000	2.51000000000000	2.05396078755988
0.976082608740858	1.75260879014259	0.655722141496010	3.03204887026411	1.81303754178949
0.886692872064485	1.44062509040578	0.518276164036413	2.66162247224535	2.13465990788980
1.08283070343201	2.13027861442824	0.751226443892794	3.01968366208100	1.92825319068248
0.902094697644667	1.45426119289279	0.543288016087322	2.68997441711456	2.05587371390003
0.802885489620761	1.08989313218486	0.500000000000000	2.51000000000000	2.12734111711892
0.931080378855051	1.55798649659946	0.634023028556662	3.33620708966818	2.13618745326627
0.812080863914305	1.11684190162233	0.500000000000000	2.75599440875036	1.92714476855993
0.870600754082411	1.34949004147970	0.500000000000000	2.61565049025673	1.85087219668468
1.05516365466294	2.04933138161454	0.680858591274448	2.53296218216873	1.92086475903385
1.05226793658930	2.03596825486330	0.733864760979977	2.73545152130746	2.28374920910076
1.00905922910887	1.80127849763159	0.657327336436954	3.06719599488605	2.05169549043952
0.977122502024671	1.73848681807672	0.609766157288928	2.81179191784772	1.70330913088642
0.941786109143330	1.58784216158928	0.589889817735711	3.06365440490059	2.11631161827537
0.816690229331792	1.12594399062645	0.500000000000000	2.88665476950900	1.80110688534122
0.857403747791496	1.31110840694832	0.500000000000000	3.15191376107552	2.26443741939124
1.07498774142351	2.11509966214138	0.704102182090503	2.51000000000000	1.98381526120270
0.910166228960811	1.48465670567848	0.563408471598731	2.70218381922173	2.33971088392411
0.961311556139096	1.66901596787288	0.608874526964620	3.24991752242453	1.80880460725611
1.06487289090629	2.03089348049710	0.724532417202950	2.89138505849124	1.98626925099502
0.948538852136153	1.59583011855457	0.616401060567920	2.78088686244017	1.86502419448207
0.948369339078586	1.62006809177824	0.649214683448024	2.76010403225726	1.85671952306922
0.922162260931579	1.55730372530078	0.568478838791820	2.83784622048973	2.03529140992383
0.901353301862826	1.43062132787576	0.589845561987168	2.87476416145700	1.81984563117662
0.951884897838231	1.60804678943725	0.604975489195816	2.52248439906289	1.73327277650988
0.929642287210657	1.51020989404671	0.607388715308164	3.39520310706315	1.88464020826130
1.00488229131955	1.81721178542071	0.676598576191532	2.52227080082392	1.97557353735811
1.07447797425712	2.11614911545503	0.756949556810337	3.00259664921769	2.04476266166153
0.840381513038320	1.23723529049131	0.500000000000000	2.75567221754622	1.88712066166648
0.935746931330841	1.57671056251339	0.577778632850490	3.01672429481038	1.89637783977295
0.905354719430955	1.48989050432105	0.552635408065179	2.83025969180365	2.26545927383197
0.973382909820303	1.77668045237902	0.664858872420364	2.57426527768592	2.39298069495041
0.840697784883901	1.18470007912640	0.500000000000000	2.55952783880117	1.97192338749229
0.844770921750093	1.24802367327517	0.501957532830497	2.91417040433997	1.90295458850553
0.861293196497544	1.30944723100639	0.500000000000000	2.51000000000000	1.87127922297791
1.02709437864285	1.92159069410957	0.658630922107912	2.57486989572647	1.89357741066308
0.967553520919682	1.73249563831961	0.627956600660810	2.65613349764188	2.15309245216809
1.06875269727051	2.05877842881784	0.738951313606768	3.08084204179032	1.96654392107212
1.07741984168162	2.08942698548979	0.748272102201692	3.03685854494287	1.78220322233648
1.07786590998772	2.12598686325412	0.757153643583674	2.94369842243179	1.90984917920124
1.02648696169043	1.91867089225089	0.682416798783149	2.60076009050049	1.96025995871370
0.882687452939782	1.39120770235944	0.511282540380488	2.51000000000000	2.07966911282498
0.888330616791516	1.42028202076488	0.570703367072067	2.74613761486156	2.27146623827568
0.987679697408840	1.75294621045821	0.580933045058981	2.79253011333045	2.05740563894254
0.921090979604195	1.53095103287078	0.530327710999134	2.51000000000000	1.94209520051175
1.00467672511587	1.87704441406240	0.658280097070177	2.76203091166619	2.36006957899444
1.04537537633561	1.98825823109668	0.704460449007548	2.97360843887637	1.84507141008112
0.979465067576816	1.73274115004384	0.645443750912983	2.51307014482783	1.92649585503800
0.894543077174441	1.44500086455174	0.507293569703143	2.69612970722565	2.05797883637563
0.930396200509694	1.52285765642429	0.638182727117501	3.28811303536319	1.96066340960636
1.06920457658058	2.05631061215805	0.723469712501245	3.39433601098169	2.15178208995347
0.912994235195798	1.54163989868123	0.534692081504921	3.17659720666085	2.13377639890426
0.986662702853510	1.76479285150698	0.686996522960284	3.15588111621916	1.93764514685545
1.02853568086083	1.95069804738089	0.689460894186574	2.82441668037174	2.13421341890518
0.861593661209289	1.32834755938556	0.500000000000000	2.69739120552018	2.38935666649659
1.00997015031951	1.84273844310728	0.647475799089668	2.76034201671146	1.87000778922625
1.04679650516795	1.99624381346468	0.703943603811331	2.91037335409352	1.92957151535426
0.967812567159900	1.73774416637520	0.587203444522299	3.49000000000000	2.26604677262077
0.803178811485090	1.07726016544433	0.500000000000000	2.79212067422128	2.33047059111702
0.907851142258169	1.48547062537117	0.531502980778630	2.56854112583928	1.63311680398549
0.918798642699248	1.48630067314724	0.556669902148277	2.66845527355819	1.66714267470839
1.05415500691574	2.02897214079597	0.716065616443798	2.81111767745469	2.23974665736261
0.965939920168611	1.69240177257726	0.619137062332629	2.69893774864703	1.86939012979794
0.906116689107887	1.45979853190598	0.614713605025141	3.02440591386389	1.72196480144576
0.837637131682879	1.28656150645219	0.500000000000000	2.94862429217740	2.46436393485006
1.89017794643641	5.93596759786351	1.37512004890040	2.51200126596285	2.16241275327903
0.505960983919778	0.850844509863014	1.10735033263544	3.21590434903918	0.956453379404347
1.65915201350080	2.37462421980065	0.660053698969521	2.74414728003748	3.41384626482116
1.89017794643641	5.93596759786351	1.37512004890040	2.51200126596285	2.16241275327903
0.505960983919778	0.850844509863014	0.503288309742253	2.51258309307055	0.965287430175166
0.594237206067659	0.939043879263574	0.895595155913576	2.92175148382812	1.13754552157453
0.806357211894286	1.16570342565383	0.500567550491323	3.15964911894526	2.17372803123941
0.956006730041700	1.42679295143742	0.500191438492367	2.93658287969061	2.02485423614836
0.762395623107243	0.910083305105403	0.500000000000000	2.82135343464636	2.06963628064733
0.579131009843556	0.873613069598261	0.527553490299287	2.56281993416122	1.20493717479551
0.517348800234518	0.850844509863014	0.500000000000000	3.05304449158528	1.48091510114915
0.884731030431154	1.51846132503511	0.604038441372891	2.85068009870158	1.99321565689652
0.541119639934922	0.858397156446294	0.540235611258877	2.51000000000000	1.12151055567076
0.624097519210932	0.850844509863014	0.500000000000000	2.66392161012758	1.94149367712394
0.679729629874851	0.850844509863014	0.537679739286345	2.73832571254606	1.97712957280780
0.937442379247242	1.70897110686944	0.857464551565384	2.88645988188506	1.91788698791423
1.00247643886249	1.88304276104021	0.693049772567835	2.59183616157768	1.64206229379938
0.865541279201320	1.05440433729437	0.563266905813869	3.18756053399797	2.06863222144034
1.68891638189032	4.96285402132909	1.49850222361400	2.51000000000000	2.23322556240523
0.825781595865120	1.42679295143742	0.500000000000000	2.93658287969061	2.02444448659133
0.719879027914471	0.850925125188581	0.507442909329347	2.76487446803584	2.00635721608037
0.511837165083842	0.850844509863014	0.500000000000000	2.88951533794720	1.46695628570735
1.79847426310368	5.16074882265157	1.59924605097779	2.51000000000000	2.00794681097118
0.562733782323738	0.850844509863014	0.538926864972031	2.53142341601915	1.25931271650300
0.533750897237078	0.850844509863014	0.568750154946590	3.15838331985545	1.00024416612259
0.616463629434668	1.11610637434406	0.647055986600087	2.76098465561302	1.32280683497573
0.691674800278522	0.903479738577943	0.500000000000000	3.03431017345755	2.06963628064733
1.74760100517752	3.02399868590738	0.997307787554812	3.20512948239664	3.44643556204818
0.820078948958696	1.14682009701891	0.520842839849793	2.94204776928900	2.19072801040058
1.35817905921629	3.81017766211959	1.24260362090603	2.51000000000000	1.55971524601856
0.646638103053878	0.850844509863014	0.501102186457051	2.51000000000000	1.82225613915069
1.58378161846767	2.76633093555456	0.785019714808779	2.62859112144550	3.01850322220564
1.66900433301254	3.01598673252081	0.751265625451706	2.81573155524366	3.47973617169988
0.640192567989266	1.02004504820331	1.13079369342565	2.60455071953357	1.26367454145959
0.781174304668526	0.938002508314164	0.534655201508716	2.89934472307017	2.40911453560503
0.932965369308093	1.71348424088941	0.500000000000000	2.51000000000000	2.00309359823854
0.755742705071680	0.850844509863014	0.500000000000000	2.51472667193540	2.03834729903843
0.526236736738891	0.850844509863014	0.500000000000000	2.51000000000000	1.39802366243552
0.781083596204788	1.13787363359130	0.518959713110714	2.98650068515514	2.07716225748954
0.649145723957706	0.850844509863014	0.988269573316208	3.11797994676604	0.586556187666892
0.611231449075096	0.970632271518798	0.587235076449980	3.01444458900142	1.02014775982478
0.657733448075479	0.850844509863014	0.500000000000000	2.74524487298937	1.49383006392239
1.89017794643641	5.90607125928440	1.37512004890040	2.85311637044030	2.16241275327903
0.669584715316700	0.862163634529130	0.524763420833836	2.59813657374427	1.67621418622600
0.958259393176024	1.74318618826876	0.860499927393919	2.83726879827626	1.92827174223008
1.11223095101704	2.28996748901692	0.726923659953419	3.17414371823490	2.48396787411224
0.636462452040425	0.850844509863014	0.500000000000000	2.65498426638208	1.79494646876061
0.553528551926150	0.850844509863014	0.509653875247824	2.51057178573034	1.33083502225754
0.797881382529285	0.968226583233948	0.500000000000000	3.12123867687221	1.61033220621070
0.530749876121312	0.850844509863014	1.28824476617765	3.49000000000000	1.18363217773780
0.775494775416837	0.904976213431448	0.501576796469015	2.51154593545812	1.82326034009659
1.37229122849131	2.71592586028385	0.535686670298508	2.92692479965770	3.11551932640665
0.959044656247283	1.78849416473993	0.533244305561108	2.70327063206055	2.34507296327847
0.639885803326087	0.864256036009535	0.504895370262949	2.84627000397560	1.73148116657289
1.19714596295512	2.63947838569601	0.974891134177676	2.59094055341188	2.18666597216547
0.872514994649877	1.47328753759912	0.561829999097859	2.51000000000000	2.24652406131122
1.33630984932616	3.87245825143605	0.909919797171888	2.77633569338308	1.99492336440115
0.570834052303784	0.851073106330694	0.504121111335363	2.59582605177820	1.25931271650300
1.24080298054930	2.05113684541994	0.715756446145670	2.66102323574856	3.10188869464994
1.59725397226868	4.88039230026685	1.24562832204312	2.54587325546291	2.28401842614367
0.621005989925639	0.850920845217360	0.500000000000000	2.67888218236191	1.64928363445708
1.55660964944436	3.73979251698817	1.13700310712755	2.63882022946591	2.25865571271607
0.775494775416837	0.904976213431448	0.552355393381638	2.57760610277568	1.82328512751459
0.508645286293060	0.850844509863014	1.11276265913520	2.93925435655769	0.956453379404347
0.948590893960554	1.74200884433157	0.684284750944624	2.67504135307345	1.98198712177407
0.667367751502129	1.10199870539412	0.630874660857190	2.52462342126441	1.33440887839358
1.11843734717590	2.47694902911038	1.19547973312550	2.51000000000000	2.25936396276592
0.879343935852199	1.27844191598650	0.500000000000000	2.51000000000000	2.12920456161559
0.654513094527950	0.853063918817084	0.524882203236794	2.66318997730646	1.64710693644272
0.649621422573192	0.850844509863014	0.501085891166158	2.53296482228308	2.13080675966990
0.709223858635703	0.850844509863014	0.500000000000000	3.18354367191186	2.17674231552583
1.36593008156577	3.38433145312242	1.05344379107178	2.56853997270867	2.20696971136427
0.661641204338027	0.850844509863014	0.517250146398763	2.83582219329828	1.88486162245759
0.648376694498743	1.00279073232617	0.963810913098916	3.13925680321707	1.33266392413697
0.736142384079652	0.925221950287411	0.500000000000000	2.59602469205280	2.31331671453476
1.36471941379300	2.90836196523142	0.786005786612439	2.52352940533203	2.06369407910237
0.850241021202012	1.50832884349853	0.631198542901191	2.51000000000000	1.84342305112070
0.522546314217483	0.850844509863014	0.514348167588805	2.52618175166993	1.26089076312149
0.630841092628492	0.850844509863014	0.500000000000000	2.74397950266705	1.93737941580960
0.736948896193142	0.850844509863014	0.501918132214446	2.51000000000000	2.32071959911641
0.911900394342794	1.25649905893297	0.584890545694226	2.53863614543959	2.09052337812228
0.735709206557874	0.850844509863014	0.500000000000000	3.07761358069026	2.13080675966990
0.604234822530966	0.907381276125956	0.642733572940699	3.22565117431312	0.997790256022742
0.865687241598634	1.27420972664021	0.535326972138953	2.57669667524027	2.11241983750706
1.35472747319069	2.95474459720761	1.15234049755887	2.64906985826421	2.00509741307271
0.673044761797016	0.850844509863014	0.500001115038192	2.70351566564960	2.34485821131044
1.22613803610392	2.71282201184559	1.24979207210019	2.66763212723255	2.35714636351929
1.15459303826572	1.23618773453845	0.622387958478285	3.02131039896848	3.00409279073097
1.15142820347892	1.74318618826876	0.860499927393919	2.83726879827626	1.92827174223008
0.952092068113089	1.78849416473993	0.533156464428674	2.70327063206055	2.34507296327847
1.52868576242189	2.66320727576013	0.630344223843851	2.51000000000000	3.19509566644227
0.661641204338027	0.850844509863014	0.500000000000000	2.83582219329828	1.88486162245759
1.23185070105546	1.95264335227432	0.524516914578859	2.82905568964720	2.73610980139483
0.546482709264886	0.850844509863014	0.503288309742253	2.51258309307055	0.965287430175166
1.51839905783204	4.48695051490472	1.07768038839243	2.60969576484592	1.99423835744582
1.35368880920858	2.39123223996341	0.855807262263701	2.94300488649568	2.92172155950808
1.00997238002836	2.43920375747803	0.515536456930209	2.78359037312277	2.26102423923213
1.04140463401271	2.07721771752269	0.887072949611080	2.56790288754038	1.97116360971155
0.602992191485696	0.907381276125956	0.644702014528493	3.22565117431312	1.03104052973931
1.19344950239020	2.07490489059307	1.13578733885707	2.60969576484592	1.99423835744582